,W##other##,A##area##millimeters,Diameter##length##millimeters,t##length##millimeters
KR20x2,.0087279185,113,20,2
KR20x2.3,.00980665,128,20,2.3
KR20x2.6,.0108853815,142,20,2.6
KR20x2.9,.011964113,156,20,2.9
KR20x3.2,.0130428445,169,20,3.2
KR20x3.6,.0142196425,185,20,3.6
KR20x4,.015494507,201,20,4
KR20x4.5,.0167693715,219,20,4.5
KR20x5,.0181423025,236,20,5
KR25x2,.0110815145,145,25,2
KR25x2.3,.0126505785,164,25,2.3
KR25x2.6,.014121576,183,25,2.6
KR25x2.9,.015494507,201,25,2.9
KR25x3.2,.016867438,219,25,3.2
KR25x3.6,.018632635,242,25,3.6
KR25x4,.0202997655,264,25,4
KR25x4.5,.022359162,290,25,4.5
KR25x5,.0242224255,314,25,5
KR25x5.6,.026281822,341,25,5.6
KR25x6.3,.0285373515,370,25,6.3
KR30x2.6,.017259704,224,30,2.6
KR30x2.9,.019024901,247,30,2.9
KR30x3.2,.0206920315,269,30,3.2
KR30x3.6,.0230456275,299,30,3.6
KR30x4,.0252030905,327,30,4
KR30x4.5,.0277528195,360,30,4.5
KR30x5,.030204482,393,30,5
KR30x5.6,.0330484105,429,30,5.6
KR30x6.3,.036284605,469,30,6.3
KR30x7.1,.0395207995,511,30,7.1
KR30x8,.042560861,553,30,8
KR38x2.6,.0224572285,289,38,2.6
KR38x2.9,.0246146915,320,38,2.9
KR38x3.2,.0269682875,350,38,3.2
KR38x3.6,.0299102825,389,38,3.6
KR38x4,.0328522775,427,38,4
KR38x4.5,.036480738,474,38,4.5
KR38x5,.0399130655,518,38,5
KR38x5.6,.0438357255,570,38,5.6
KR38x6.3,.0485429175,627,38,6.3
KR38x7.1,.0532501095,689,38,7.1
KR38x8,.0579573015,754,38,8
KR38x8.8,.0620760945,807,38,8.8
KR38x10,.0677639515,880,38,10
KR51x2.6,.030596748,395,51,2.6
KR51x2.9,.033734876,438,51,2.9
KR51x3.2,.037069137,481,51,3.2
KR51x3.6,.0412859965,536,51,3.6
KR51x4,.045502856,591,51,4
KR51x4.5,.050602314,657,51,4.5
KR51x5,.055701772,723,51,5
KR51x5.6,.0614876955,799,51,5.6
KR51x6.3,.0681562175,885,51,6.3
KR51x7.1,.0754131385,972,51,7.1
KR51x8,.0826700595,1080,51,8
KR51x8.8,.089240515,1170,51,8.8
KR51x10,.099047165,1290,51,10
KR51x11,.106892485,1380,51,11
KR51x12.5,.116699135,1510,51,12.5
KR51x14.2,.126505785,1640,51,14.2
KR60.3x2.9,.040599531,523,60.3,2.9
KR60.3x3.2,.0442279915,574,60.3,3.2
KR60.3x3.6,.0493274495,641,60.3,3.6
KR60.3x4,.0544269075,707,60.3,4
KR60.3x4.5,.0607031635,789,60.3,4.5
KR60.3x5,.066881353,869,60.3,5
KR60.3x5.6,.0740402075,962,60.3,5.6
KR60.3x6.3,.08237586,1070,60.3,6.3
KR60.3x7.1,.091594111,1190,60.3,7.1
KR60.3x8,.100812362,1310,60.3,8
KR60.3x8.8,.1093441475,1420,60.3,8.8
KR60.3x10,.12160246,1580,60.3,10
KR60.3x11,.13140911,1700,60.3,11
KR60.3x12.5,.14513842,1880,60.3,12.5
KR60.3x14.2,.15886773,2060,60.3,14.2
KR60.3x16,.17063571,2230,60.3,16
KR70x2.9,.0473661195,611,70,2.9
KR70x3.2,.051779112,672,70,3.2
KR70x3.6,.057859235,751,70,3.6
KR70x4,.0638412915,829,70,4
KR70x4.5,.0712943455,926,70,4.5
KR70x5,.0785512665,1020,70,5
KR70x5.6,.0869849855,1130,70,5.6
KR70x6.3,.0969877685,1260,70,6.3
KR70x7.1,.1077750835,1400,70,7.1
KR70x8,.1201314625,1560,70,8
KR70x8.8,.1301342455,1690,70,8.8
KR70x10,.144746154,1880,70,10
KR70x11,.1569064,2040,70,11
KR70x12.5,.17455837,2260,70,12.5
KR70x14.2,.19221034,2490,70,14.2
KR70x16,.20790098,2710,70,16
KR70x17.5,.22163029,2890,70,17.5
KR82.5x3.2,.0618799615,797,82.5,3.2
KR82.5x3.6,.069234949,892,82.5,3.6
KR82.5x4,.07649187,986,82.5,4
KR82.5x4.5,.0846313895,1100,82.5,4.5
KR82.5x5,.093751574,1220,82.5,5
KR82.5x5.6,.10395049,1350,82.5,5.6
KR82.5x6.3,.116699135,1510,82.5,6.3
KR82.5x7.1,.12944778,1680,82.5,7.1
KR82.5x8,.14317709,1870,82.5,8
KR82.5x8.8,.155925735,2040,82.5,8.8
KR82.5x10,.175539035,2280,82.5,10
KR82.5x11,.191229675,2470,82.5,11
KR82.5x12.5,.212804305,2750,82.5,12.5
KR82.5x14.2,.2353596,3050,82.5,14.2
KR82.5x16,.25693423,3340,82.5,16
KR82.5x17.5,.2745862,3570,82.5,17.5
KR82.5x20,.30204482,3930,82.5,20
KR82.5x22.2,.32361945,4210,82.5,22.2
KR88.9x3.2,.0667832865,862,88.9,3.2
KR88.9x3.6,.074334407,965,88.9,3.6
KR88.9x4,.08237586,1070,88.9,4
KR88.9x4.5,.091594111,1190,88.9,4.5
KR88.9x5,.101596894,1320,88.9,5
KR88.9x5.6,.113168741,1470,88.9,5.6
KR88.9x6.3,.12552512,1630,88.9,6.3
KR88.9x7.1,.1401370285,1820,88.9,7.1
KR88.9x8,.156318001,2030,88.9,8
KR88.9x8.8,.1701453775,2210,88.9,8.8
KR88.9x10,.1909354755,2480,88.9,10
KR88.9x11,.207116448,2690,88.9,11
KR88.9x12.5,.2309466075,3000,88.9,12.5
KR88.9x14.2,.25693423,3330,88.9,14.2
KR88.9x16,.281450855,3660,88.9,16
KR88.9x17.5,.30204482,3930,88.9,17.5
KR88.9x20,.3334261,4330,88.9,20
KR88.9x20.2,.357942725,4650,88.9,20.2
KR101.6x3.6,.0854159215,1110,101.6,3.6
KR101.6x4,.094732239,1230,101.6,4
KR101.6x4.5,.1054214875,1370,101.6,4.5
KR101.6x5,.1169933345,1520,101.6,5
KR101.6x5.6,.1301342455,1690,101.6,5.6
KR101.6x6.3,.145530686,1890,101.6,6.3
KR101.6x7.1,.162398124,2110,101.6,7.1
KR101.6x8,.1809326925,2350,101.6,8
KR101.6x8.8,.1978001305,2570,101.6,8.8
KR101.6x10,.2217283565,2880,101.6,10
KR101.6x11,.2409493905,3130,101.6,11
KR101.6x12.5,.269486742,3500,101.6,12.5
KR101.6x14.2,.300279623,3900,101.6,14.2
KR101.6x16,.330484105,4300,101.6,16
KR101.6x17.5,.35500073,4620,101.6,17.5
KR101.6x20,.39422733,5130,101.6,20
KR101.6x22.2,.426589275,5540,101.6,22.2
KR101.6x25,.465815875,6020,101.6,25
KR127x4,.11964113,1550,127,4
KR127x4.5,.132389775,1730,127,4.5
KR127x5,.14709975,1920,127,5
KR127x5.6,.163771055,2140,127,5.6
KR127x6.3,.18436502,2390,127,6.3
KR127x7.1,.20593965,2670,127,7.1
KR127x8,.22947561,2990,127,8
KR127x8.8,.250069575,3270,127,8.8
KR127x10,.283412185,3680,127,10
KR127x11,.30989014,4010,127,11
KR127x12.5,.348136075,4500,127,12.5
KR127x14.2,.38834334,5030,127,14.2
KR127x16,.42756994,5580,127,16
KR127x17.5,.46287388,6020,127,17.5
KR127x20,.51779112,6720,127,20
KR127x22.2,.56290171,7310,127,22.2
KR127x25,.61978028,8010,127,25
KR139.7x4,.131605243,1710,139.7,4
KR139.7x4.5,.1470016835,1910,139.7,4.5
KR139.7x5,.163182656,2120,139.7,5
KR139.7x5.6,.1817172245,2360,139.7,5.6
KR139.7x6.3,.203193788,2640,139.7,6.3
KR139.7x7.1,.227906546,2960,139.7,7.1
KR139.7x8,.254776767,3310,139.7,8
KR139.7x8.8,.278704993,3620,139.7,8.8
KR139.7x10,.3133224675,4070,139.7,10
KR139.7x11,.3425462845,4450,139.7,11
KR139.7x12.5,.3849110125,5000,139.7,12.5
KR139.7x14.2,.431100334,5600,139.7,14.2
KR139.7x16,.4788587195,6220,139.7,16
KR139.7x17.5,.516810455,6720,139.7,17.5
KR139.7x20,.57859235,7520,139.7,20
KR139.7x22.2,.630567595,8190,139.7,22.2
KR139.7x25,.697252815,9010,139.7,25
KR152.4x4.5,.16082906,2090,152.4,4.5
KR152.4x5,.17848103,2320,152.4,5
KR152.4x5.6,.19809433,2580,152.4,5.6
KR152.4x6.3,.22359162,2890,152.4,6.3
KR152.4x7.1,.250069575,3240,152.4,7.1
KR152.4x8,.27850886,3630,152.4,8
KR152.4x8.8,.30400615,3970,152.4,8.8
KR152.4x10,.344213415,3470,152.4,10
KR152.4x11,.377556025,4890,152.4,11
KR152.4x12.5,.42560861,5490,152.4,12.5
KR152.4x14.2,.475622525,6170,152.4,14.2
KR152.4x16,.52563644,6860,152.4,16
KR152.4x17.5,.569766365,7420,152.4,17.5
KR152.4x20,.640374245,8320,152.4,20
KR152.4x22.2,.699214145,9080,152.4,22.2
KR152.4x25,.77472535,10000,152.4,25
KR159x4.5,.1677917815,2180,159,4.5
KR159x5,.18632635,2420,159,5
KR159x5.6,.20790098,2700,159,5.6
KR159x6.3,.2325156715,3020,159,6.3
KR159x7.1,.2609549565,3390,159,7.1
KR159x8,.2925323695,3800,159,8
KR159x8.8,.319500657,4150,159,8.8
KR159x10,.360296321,4680,159,10
KR159x11,.3933447315,5110,159,11
KR159x12.5,.442672181,5750,159,12.5
KR159x14.2,.4972952215,6460,159,14.2
KR159x16,.553487326,7190,159,16
KR159x17.5,.5988921155,7780,159,17.5
KR159x20.2,.67273619,8730,159,20.2
KR159x22.2,.73353742,9540,159,22.2
KR159x25,.81395195,10500,159,25
KR177.8x5,.208881645,2710,177.8,5
KR177.8x5.6,.232417605,3030,177.8,5.6
KR177.8x6.3,.261837555,3390,177.8,6.3
KR177.8x7.1,.2941995,3810,177.8,7.1
KR177.8x8,.32754211,4270,177.8,8
KR177.8x8.8,.357942725,4670,177.8,8.8
KR177.8x10,.40599531,5270,177.8,10
KR177.8x11,.44522191,5760,177.8,11
KR177.8x12.5,.503081145,6490,177.8,12.5
KR177.8x14.2,.56290171,7300,177.8,14.2
KR177.8x16,.62370294,8130,177.8,16
KR177.8x17.5,.677639515,8810,177.8,17.5
KR177.8x20,.76295737,9910,177.8,20
KR177.8x22.2,.83552658,10900,177.8,22.2
KR177.8x25,.92967042,12000,177.8,25
KR193.7x5.4,.24516625,3190,193.7,5.4
KR193.7x5.6,.253992235,3310,193.7,5.6
KR193.7x6.3,.285569648,3710,193.7,6.3
KR193.7x7.1,.320285189,4160,193.7,7.1
KR193.7x8,.359511789,4670,193.7,8
KR193.7x8.8,.3933447315,5110,193.7,8.8
KR193.7x10,.4441431785,5770,193.7,10
KR193.7x11,.4857233745,6310,193.7,11
KR193.7x12.5,.5480936685,7120,193.7,12.5
KR193.7x14.2,.616642152,8010,193.7,14.2
KR193.7x16,.687446165,8930,193.7,16
KR193.7x17.5,.7459918655,9690,193.7,17.5
KR193.7x20,.839056974,10900,193.7,20
KR193.7x22.2,.920844435,12000,193.7,22.2
KR193.7x25,1.02969825,13200,193.7,25
KR219.1x5.9,.30400615,3950,219.1,5.9
KR219.1x6.3,.3241097825,4210,219.1,6.3
KR219.1x7.1,.3641209145,4730,219.1,7.1
KR219.1x8,.408741172,5310,219.1,8
KR219.1x8.8,.4472813065,5810,219.1,8.8
KR219.1x10,.5057289405,6570,219.1,10
KR219.1x11,.553487326,7190,219.1,11
KR219.1x12.5,.624291339,8110,219.1,12.5
KR219.1x14.2,.7036271375,9140,219.1,14.2
KR219.1x16,.7852184655,10200,219.1,16
KR219.1x17.5,.854551481,11100,219.1,17.5
KR219.1x20,.962228498,12500,219.1,20
KR219.1x22.2,1.054607141,13700,219.1,22.2
KR219.1x25,1.176798,15200,219.1,25
KR244.5x6.3,.363826715,4710,244.5,6.3
KR244.5x7.1,.40795664,5300,244.5,7.1
KR244.5x8,.4572840895,5940,244.5,8
KR244.5x8.8,.501904347,6520,244.5,8.8
KR244.5x10,.5673147025,7370,244.5,10
KR244.5x11,.6212512775,8070,244.5,11
KR244.5x12.5,.7012735415,9110,244.5,12.5
KR244.5x14.2,.792965719,10300,244.5,14.2
KR244.5x16,.885344362,11500,244.5,16
KR244.5x17.5,.962228498,12500,244.5,17.5
KR244.5x20,1.085400022,14100,244.5,20
KR244.5x22.2,1.193273172,15500,244.5,22.2
KR244.5x25,1.3337044,17200,244.5,25
KR298.5x7.1,.501119815,6500,298.5,7.1
KR298.5x8,.559959715,7300,298.5,8
KR298.5x8.8,.61389629,8010,298.5,8.8
KR298.5x10,.697252815,9060,298.5,10
KR298.5x11,.767860695,9940,298.5,11
KR298.5x12.5,.87083052,11200,298.5,12.5
KR298.5x14.2,.97870367,12700,298.5,14.2
KR298.5x16,1.08853815,14200,298.5,16
KR298.5x17.5,1.18660465,15400,298.5,17.5
KR298.5x20,1.34351105,17500,298.5,20
KR298.5x22.2,1.48080415,19300,298.5,22.2
KR298.5x25,1.6671305,21500,298.5,25
KR323.9x7.1,.54524974,7070,323.9,7.1
KR323.9x8,.6112484945,7940,323.9,8
KR323.9x8.8,.6704806605,8710,323.9,8.8
KR323.9x10,.75903471,9860,323.9,10
KR323.9x11,.831407787,10800,323.9,11
KR323.9x12.5,.9391828705,12200,323.9,12.5
KR323.9x14.2,1.0623543945,13800,323.9,14.2
KR323.9x16,1.193273172,15500,323.9,16
KR323.9x17.5,1.293301002,16800,323.9,17.5
KR323.9x20,1.470409101,19100,323.9,20
KR323.9x22.2,1.6166262525,21000,323.9,22.2
KR323.9x25,1.809130792,23500,323.9,25
KR355.6x8,.6728342565,8740,355.6,8
KR355.6x8.8,.738244612,9590,355.6,8.8
KR355.6x10,.839056974,10900,355.6,10
KR355.6x11,.916137243,11900,355.6,11
KR355.6x12.5,1.039308767,13500,355.6,12.5
KR355.6x14.2,1.170129478,15200,355.6,14.2
KR355.6x16,1.316444696,17100,355.6,16
KR355.6x17.5,1.4318689665,18600,355.6,17.5
KR355.6x20,1.624373506,21100,355.6,20
KR355.6x22.2,1.793636285,23300,355.6,22.2
KR355.6x25,2.001537265,26000,355.6,25
KR406.4x8.8,.8468042275,11000,406.4,8.8
KR406.4x10,.962228498,12500,406.4,10
KR406.4x11,1.054607141,13700,406.4,11
KR406.4x12.5,1.193273172,15500,406.4,12.5
KR406.4x14.2,1.347237577,17500,406.4,14.2
KR406.4x16,1.508851169,19600,406.4,16
KR406.4x17.5,1.6474191335,21400,406.4,17.5
KR406.4x20,1.870716554,24300,406.4,20
KR406.4x22.2,2.063123027,26800,406.4,22.2
KR406.4x25,2.309466075,30000,406.4,25
KR457.2x10,1.077750835,14000,457.2,10
KR457.2x11,1.1855259185,15400,457.2,11
KR457.2x12.5,1.347237577,17500,457.2,12.5
KR457.2x14.2,1.5242476095,19800,457.2,14.2
KR457.2x16,1.7090048955,22200,457.2,16
KR457.2x17.5,1.8629693005,24200,457.2,17.5
KR457.2x20,2.117059602,27500,457.2,20
KR457.2x22.2,2.332609769,30300,457.2,22.2
KR457.2x25,2.609745698,33900,457.2,25
KR508x11,1.324093883,17200,508,11
KR508x12.5,1.5011039155,19500,508,12.5
KR508x14.2,1.693608455,22000,508,14.2
KR508x16,1.901509435,24700,508,16
KR508x17.5,2.0785194675,27000,508,17.5
KR508x20,2.36340265,30700,508,20
KR508x22.2,2.609745698,33900,508,22.2
KR508x25,2.917674508,37900,508,25
KR559x12.5,1.6671305,21500,559,12.5
KR559x14.2,1.87307015,24300,559,14.2
KR559x16,2.08881645,27300,559,16
KR559x17.5,2.28494945,29800,559,17.5
KR559x20,2.6085689,33900,559,20
KR559x22.2,2.8831551,37400,559,22.2
KR559x25,3.24600115,41900,559,25
KR610x12.5,1.81423025,23400,610,12.5
KR610x14.2,2.04958985,26600,610,14.2
KR610x16,2.28494945,29800,610,16
KR610x17.5,2.50069575,32600,610,17.5
KR610x20,2.85373515,37000,610,20
KR622x14.2,2.08881645,27100,622,14.2
KR622x16,2.34378935,30500,622,16
KR622x17.5,2.55953565,33200,622,17.5
KR622x20,2.91257505,37800,622,20
KR622x22.2,3.22638785,41800,622,22.2
KR622x25,3.6088472,36900,622,25
KR660x20,3.0989014,40200,660,20
KR660x22.2,3.42252085,44500,660,22.2
KR660x25,3.87362675,49900,660,25
