,Shape##other##,W##other##,A##area##millimeters,Ht##length##millimeters,b##length##millimeters,t##length##millimeters
CFRR50x30x2,Rectangular,.0226533615,294,50,30,2
CFRR50x30x2.5,Rectangular,.027654753,359,50,30,2.5
CFRR50x30x3,Rectangular,.032361945,421,50,30,3
CFRR50x30x4,Rectangular,.04118793,535,50,30,4
CFRR60x40x2,Rectangular,.0287334845,374,60,40,2
CFRR60x40x2.5,Rectangular,.03530394,459,60,40,2.5
CFRR60x40x3,Rectangular,.041580196,541,60,40,3
CFRR60x40x4,Rectangular,.0534462425,695,60,40,4
CFRR60x40x5,Rectangular,.064331624,836,60,40,5
CFRR70x50x2,Rectangular,.034911674,454,70,50,2
CFRR70x50x2.5,Rectangular,.0430511935,559,70,50,2.5
CFRR70x50x3,Rectangular,.0508965135,661,70,50,3
CFRR80x40x2.5,Rectangular,.0430511935,559,80,40,2.5
CFRR80x40x3,Rectangular,.0508965135,661,80,40,3
CFRR80x40x4,Rectangular,.0658026215,855,80,40,4
CFRR80x40x5,Rectangular,.080022264,1040,80,40,5
CFRR80x60x2,Rectangular,.0410898635,534,80,60,2
CFRR80x60x2.5,Rectangular,.0507003805,659,80,60,2.5
CFRR80x60x3,Rectangular,.0601147645,781,80,60,3
CFRR80x60x4,Rectangular,.078060934,1015,80,60,4
CFRR90x50x2.5,Rectangular,.0507003805,659,90,50,2.5
CFRR90x50x3,Rectangular,.0601147645,781,90,50,3
CFRR90x50x4,Rectangular,.078060934,1015,90,50,4
CFRR90x50x5,Rectangular,.095124505,1236,90,50,5
CFRR100x40x2.5,Rectangular,.0507003805,659,100,40,2.5
CFRR100x40x4,Rectangular,.078060934,1015,100,40,4
CFRR100x50x2.5,Rectangular,.054524974,709,100,50,2.5
CFRR100x50x3,Rectangular,.06472389,841,100,50,3
CFRR100x50x4,Rectangular,.0842391235,1095,100,50,4
CFRR100x50x5,Rectangular,.102773692,1336,100,50,5
CFRR100x50x6.3,Rectangular,.1226811915,1595,100,50,6.3
CFRR100x60x2,Rectangular,.047268053,614,100,60,2
CFRR100x60x2.5,Rectangular,.0583495675,759,100,60,2.5
CFRR100x60x3,Rectangular,.0693330155,901,100,60,3
CFRR100x60x4,Rectangular,.090417313,1175,100,60,4
CFRR100x60x5,Rectangular,.1105209455,1436,100,60,5
CFRR100x60x6.3,Rectangular,.132389775,1721,100,60,6.3
CFRR100x80x3,Rectangular,.0785512665,1021,100,80,3
CFRR100x80x4,Rectangular,.1026756255,1335,100,80,4
CFRR100x80x5,Rectangular,.1258193195,1636,100,80,5
CFRR100x80x6,Rectangular,.1479823485,1923,100,80,6
CFRR120x60x3,Rectangular,.0785512665,1021,120,60,3
CFRR120x60x4,Rectangular,.1026756255,1335,120,60,4
CFRR120x60x5,Rectangular,.1258193195,1636,120,60,5
CFRR120x60x6.3,Rectangular,.151806942,1973,120,60,6.3
CFRR120x80x3,Rectangular,.0877695175,1141,120,80,3
CFRR120x80x4,Rectangular,.1150320045,1495,120,80,4
CFRR120x80x5,Rectangular,.14121576,1836,120,80,5
CFRR120x80x6,Rectangular,.1664188505,2163,120,80,6
CFRR120x80x6.3,Rectangular,.171224109,2225,120,80,6.3
CFRR120x80x8,Rectangular,.2095681105,2724,120,80,8
CFRR140x70x4,Rectangular,.121210194,1575,140,70,4
CFRR140x70x5,Rectangular,.1489630135,1936,140,70,5
CFRR140x80x3,Rectangular,.0969877685,1261,140,80,3
CFRR140x80x4,Rectangular,.127290317,1655,140,80,4
CFRR140x80x5,Rectangular,.1566122005,2036,140,80,5
CFRR140x80x6,Rectangular,.1848553525,2403,140,80,6
CFRR140x80x6.3,Rectangular,.1905432095,2477,140,80,6.3
CFRR150x100x3,Rectangular,.110815145,1441,150,100,3
CFRR150x100x4,Rectangular,.1458248855,1895,150,100,4
CFRR150x100x5,Rectangular,.1797558945,2336,150,100,5
CFRR150x100x6,Rectangular,.212608172,2763,150,100,6
CFRR150x100x6.3,Rectangular,.21966896,2855,150,100,6.3
CFRR150x100x8,Rectangular,.2711538725,3524,150,100,8
CFRR150x100x10,Rectangular,.32754211,4257,150,100,10
CFRR160x80x4,Rectangular,.139646696,1815,160,80,4
CFRR160x80x5,Rectangular,.172008641,2236,160,80,5
CFRR160x80x6,Rectangular,.2032918545,2643,160,80,6
CFRR160x80x6.3,Rectangular,.2099603765,2729,160,80,6.3
CFRR160x80x8,Rectangular,.2587974935,3364,160,80,8
CFRR160x90x7.1,Rectangular,.2442836515,3175,160,90,7.1
CFRR180x100x5,Rectangular,.202801522,2636,180,100,5
CFRR180x100x6,Rectangular,.240262925,3123,180,100,6
CFRR180x100x6.3,Rectangular,.248696644,3233,180,100,6.3
CFRR180x100x7.1,Rectangular,.2770378625,3601,180,100,7.1
CFRR180x100x8,Rectangular,.3080268765,4004,180,100,8
CFRR180x100x10,Rectangular,.373633365,4857,180,100,10
CFRR200x80x6,Rectangular,.240262925,3123,200,80,6
CFRR200x100x5,Rectangular,.2181979625,2836,200,100,5
CFRR200x100x6,Rectangular,.258699427,3363,200,100,6
CFRR200x100x6.3,Rectangular,.268113811,3485,200,100,6.3
CFRR200x100x8,Rectangular,.332641568,4324,200,100,8
CFRR200x100x10,Rectangular,.404426246,5257,200,100,10
CFRR200x120x5,Rectangular,.233594403,3036,200,120,5
CFRR200x120x6,Rectangular,.2772339955,3603,200,120,6
CFRR200x120x6.3,Rectangular,.287530978,3737,200,120,6.3
CFRR200x120x8,Rectangular,.3572562595,4644,200,120,8
CFRR200x120x10,Rectangular,.435219127,5657,200,120,10
CFRR220x120x6,Rectangular,.2956704975,3843,220,120,6
CFRR220x120x8,Rectangular,.381870951,4964,220,120,8
CFRR220x120x10,Rectangular,.466012008,6057,220,120,10
CFRR250x150x5,Rectangular,.2950820985,3836,250,150,5
CFRR250x150x6,Rectangular,.35107807,4563,250,150,6
CFRR250x150x6.3,Rectangular,.365003513,4745,250,150,6.3
CFRR250x150x8,Rectangular,.4557150255,5924,250,150,8
CFRR250x150x10,Rectangular,.5582925845,7257,250,150,10
CFRR250x150x12.5,Rectangular,.669598062,8704,250,150,12.5
CFRR260x140x6,Rectangular,.35107807,4563,260,140,6
CFRR260x140x8,Rectangular,.4557150255,5924,260,140,8
CFRR260x140x10,Rectangular,.5582925845,7257,260,140,10
CFRR260x180x6,Rectangular,.387951074,5043,260,180,6
CFRR260x180x8,Rectangular,.5049444085,6564,260,180,8
CFRR260x180x10,Rectangular,.6198783465,8057,260,180,10
CFRR300x100x5,Rectangular,.2950820985,3836,300,100,5
CFRR300x100x6,Rectangular,.35107807,4563,300,100,6
CFRR300x100x8,Rectangular,.4557150255,5924,300,100,8
CFRR300x200x6,Rectangular,.4433586465,5763,300,200,6
CFRR300x200x6.3,Rectangular,.4619912815,6005,300,200,6.3
CFRR300x200x8,Rectangular,.5788865495,7524,300,200,8
CFRR300x200x10,Rectangular,.712158923,9257,300,200,10
CFRR300x200x12.5,Rectangular,.862004535,11204,300,200,12.5
CFRR400x200x6,Rectangular,.535639223,6963,400,200,6
CFRR400x200x6.3,Rectangular,.5588809835,7265,400,200,6.3
CFRR400x200x8,Rectangular,.701960007,9124,400,200,8
CFRR400x200x10,Rectangular,.8660252615,11257,400,200,10
CFRR400x200x12.5,Rectangular,1.0543129415,13704,400,200,12.5
CFRS30x30x3,Square,.023143694,301,30,30,3
CFRS40x40x2,Square,.0226533615,294,40,40,2
CFRS40x40x2.5,Square,.027654753,359,40,40,2.5
CFRS40x40x3,Square,.032361945,421,40,40,3
CFRS40x40x4,Square,.04118793,535,40,40,4
CFRS50x50x2,Square,.0287334845,374,50,50,2
CFRS50x50x2.5,Square,.03530394,459,50,50,2.5
CFRS50x50x3,Square,.041580196,541,50,50,3
CFRS50x50x4,Square,.0534462425,695,50,50,4
CFRS50x50x5,Square,.064331624,836,50,50,5
CFRS60x60x2.5,Square,.0430511935,559,60,60,2.5
CFRS60x60x3,Square,.0508965135,661,60,60,3
CFRS60x60x4,Square,.0658026215,855,60,60,4
CFRS60x60x5,Square,.0797280645,1036,60,60,5
CFRS70x70x2,Square,.0410898635,534,70,70,2
CFRS70x70x2.5,Square,.0507003805,659,70,70,2.5
CFRS70x70x3,Square,.0601147645,781,70,70,3
CFRS70x70x4,Square,.078060934,1015,70,70,4
CFRS70x70x5,Square,.095124505,1236,70,70,5
CFRS80x80x2.5,Square,.0583495675,759,80,80,2.5
CFRS80x80x3,Square,.0693330155,901,80,80,3
CFRS80x80x4,Square,.090417313,1175,80,80,4
CFRS80x80x5,Square,.1105209455,1436,80,80,5
CFRS80x80x6.3,Square,.132389775,1721,80,80,6.3
CFRS90x90x2.5,Square,.066096821,859,90,90,2.5
CFRS90x90x3,Square,.0785512665,1021,90,90,3
CFRS90x90x4,Square,.1026756255,1335,90,90,4
CFRS90x90x5,Square,.1258193195,1636,90,90,5
CFRS90x90x6,Square,.1479823485,1923,90,90,6
CFRS90x90x6.3,Square,.151806942,1973,90,90,6.3
CFRS100x100x2.5,Square,.073746008,959,100,100,2.5
CFRS100x100x3,Square,.0877695175,1141,100,100,3
CFRS100x100x4,Square,.1150320045,1495,100,100,4
CFRS100x100x5,Square,.14121576,1836,100,100,5
CFRS100x100x6,Square,.1664188505,2163,100,100,6
CFRS100x100x6.3,Square,.171224109,2225,100,100,6.3
CFRS100x100x8,Square,.2095681105,2724,100,100,8
CFRS100x100x10,Square,.2505599075,3257,100,100,10
CFRS110x110x3,Square,.0969877685,1261,110,110,3
CFRS110x110x4,Square,.127290317,1655,110,110,4
CFRS110x110x5,Square,.1566122005,2036,110,110,5
CFRS110x110x6,Square,.1848553525,2403,110,110,6
CFRS120x120x3,Square,.1062060195,1381,120,120,3
CFRS120x120x4,Square,.139646696,1815,120,120,4
CFRS120x120x5,Square,.1909354755,2236,120,120,5
CFRS120x120x5.6,Square,.2032918545,2482,120,120,5.6
CFRS120x120x6,Square,.2099603765,2643,120,120,6
CFRS120x120x6.3,Square,.2099603765,2729,120,120,6.3
CFRS120x120x8,Square,.2587974935,3364,120,120,8
CFRS120x120x10,Square,.3121456695,4057,120,120,10
CFRS140x140x4,Square,.1642613875,2135,140,140,4
CFRS140x140x5,Square,.202801522,2636,140,140,5
CFRS140x140x5.6,Square,.2254548835,2930,140,140,5.6
CFRS140x140x6,Square,.240262925,3123,140,140,6
CFRS140x140x6.3,Square,.248696644,3233,140,140,6.3
CFRS140x140x7.1,Square,.2770378625,3601,140,140,7.1
CFRS140x140x8,Square,.3080268765,4004,140,140,8
CFRS140x140x8.8,Square,.334799031,4352,140,140,8.8
CFRS140x140x10,Square,.373633365,4857,140,140,10
CFRS150x150x4,Square,.1765197,2295,150,150,4
CFRS150x150x5,Square,.2181979625,2836,150,150,5
CFRS150x150x6,Square,.258699427,3363,150,150,6
CFRS150x150x6.3,Square,.268113811,3485,150,150,6.3
CFRS150x150x8,Square,.332641568,4324,150,150,8
CFRS150x150x10,Square,.404426246,5257,150,150,10
CFRS160x160x5,Square,.233594403,3036,160,160,5
CFRS160x160x6,Square,.2772339955,3603,160,160,6
CFRS160x160x6.3,Square,.287530978,3737,160,160,6.3
CFRS160x160x8,Square,.3572562595,4644,160,160,8
CFRS160x160x10,Square,.435219127,5657,160,160,10
CFRS160x160x12.5,Square,.5157317235,6704,160,160,12.5
CFRS180x180x5,Square,.264387284,3436,180,180,5
CFRS180x180x6,Square,.3141069995,4083,180,180,6
CFRS180x180x6.3,Square,.3262672455,4241,180,180,6.3
CFRS180x180x8,Square,.4064856425,5284,180,180,8
CFRS180x180x10,Square,.496804889,6457,180,180,10
CFRS180x180x12.5,Square,.592713926,7704,180,180,12.5
CFRS200x200x5,Square,.2950820985,3836,200,200,5
CFRS200x200x6,Square,.35107807,4563,200,200,6
CFRS200x200x6.3,Square,.365003513,4745,200,200,6.3
CFRS200x200x8,Square,.4557150255,5924,200,200,8
CFRS200x200x10,Square,.5582925845,7257,200,200,10
CFRS200x200x12.5,Square,.669598062,8704,200,200,12.5
CFRS220x220x6,Square,.387951074,5043,220,220,6
CFRS220x220x6.3,Square,.403837847,5249,220,220,6.3
CFRS220x220x8,Square,.5049444085,6564,220,220,8
CFRS220x220x10,Square,.6198783465,8057,220,220,10
CFRS250x250x6,Square,.4433586465,5763,250,250,6
CFRS250x250x6.3,Square,.4619912815,6005,250,250,6.3
CFRS250x250x8,Square,.5788865495,7524,250,250,8
CFRS250x250x10,Square,.712158923,9257,250,250,10
CFRS250x250x12.5,Square,.862004535,11204,250,250,12.5
CFRS260x260x7.1,Square,.5392676835,7009,260,260,7.1
CFRS260x260x8.8,Square,.659791412,8576,260,260,8.8
CFRS260x260x11,Square,.802968502,10437,260,260,11
CFRS300x300x6,Square,.535639223,6963,300,300,6
CFRS300x300x8,Square,.701960007,9124,300,300,8
CFRS300x300x10,Square,.8660252615,11257,300,300,10
CFRS300x300x12.5,Square,1.0543129415,13704,300,300,12.5
RHSR50x30x2.5,Rectangular,.0283412185,368,50,30,2.5
RHSR50x30x3,Rectangular,.03334261,434,50,30,3
RHSR50x30x4,Rectangular,.0430511935,559,50,30,4
RHSR60x40x3,Rectangular,.0426589275,554,60,40,3
RHSR60x40x4,Rectangular,.055309506,719,60,40,4
RHSR70x40x4,Rectangular,.0614876955,799,70,40,4
RHSR80x40x3,Rectangular,.0518771785,674,80,40,3
RHSR80x40x4,Rectangular,.067665885,879,80,40,4
RHSR80x40x5,Rectangular,.0822777935,1070,80,40,5
RHSR90x50x3.6,Rectangular,.0724711435,942,90,50,3.6
RHSR90x50x4,Rectangular,.080022264,1040,90,50,4
RHSR90x50x5,Rectangular,.097674234,1270,90,50,5
RHSR100x50x3,Rectangular,.065704555,854,100,50,3
RHSR100x50x3.6,Rectangular,.077668668,1010,100,50,3.6
RHSR100x50x4,Rectangular,.0862004535,1120,100,50,4
RHSR100x50x5,Rectangular,.1054214875,1370,100,50,5
RHSR100x50x5.6,Rectangular,.116895268,1520,100,50,5.6
RHSR100x50x6.3,Rectangular,.130036179,1690,100,50,6.3
RHSR100x50x8,Rectangular,.160044528,2080,100,50,8
RHSR100x60x3.6,Rectangular,.0838468575,1090,100,60,3.6
RHSR100x60x4,Rectangular,.0922805765,1200,100,60,4
RHSR100x60x5,Rectangular,.1130706745,1470,100,60,5
RHSR100x60x5.6,Rectangular,.1254270535,1630,100,60,5.6
RHSR100x60x6.3,Rectangular,.13925443,1810,100,60,6.3
RHSR120x60x3.6,Rectangular,.0946341725,1230,120,60,3.6
RHSR120x60x4,Rectangular,.1046369555,1360,120,60,4
RHSR120x60x5,Rectangular,.128467115,1670,120,60,5
RHSR120x60x6.3,Rectangular,.159259996,2070,120,60,6.3
RHSR120x80x4,Rectangular,.116895268,1520,120,80,4
RHSR120x80x5,Rectangular,.1438635555,1870,120,80,5
RHSR120x80x6.3,Rectangular,.17848103,2320,120,80,6.3
RHSR120x80x8,Rectangular,.2215322235,2880,120,80,8
RHSR140x70x4,Rectangular,.1230734575,1600,140,70,4
RHSR140x70x5,Rectangular,.1515127425,1970,140,70,5
RHSR140x70x6.3,Rectangular,.187699281,2440,140,70,6.3
RHSR140x80x4,Rectangular,.129251647,1680,140,80,4
RHSR140x80x6.3,Rectangular,.197702064,2570,140,80,6.3
RHSR150x100x4,Rectangular,.147688149,1920,150,100,4
RHSR150x100x5,Rectangular,.1823056235,2370,150,100,5
RHSR150x100x6.3,Rectangular,.226925881,2950,150,100,6.3
RHSR150x100x8,Rectangular,.2831179855,3680,150,100,8
RHSR150x100x10,Rectangular,.345390213,4490,150,100,10
RHSR160x80x4,Rectangular,.1415099595,1840,160,80,4
RHSR160x80x5,Rectangular,.1746564365,2270,160,80,5
RHSR160x80x6.3,Rectangular,.2707616065,2820,160,80,6.3
RHSR160x80x8,Rectangular,.330091839,3520,160,80,8
RHSR160x80x10,Rectangular,.1823056235,4290,160,80,10
RHSR160x90x5,Rectangular,.1823056235,2370,160,90,5
RHSR160x90x7.1,Rectangular,.2531096365,3290,160,90,7.1
RHSR160x90x8,Rectangular,.2831179855,3680,160,90,8
RHSR180x100x5.6,Rectangular,.229279477,2980,180,100,5.6
RHSR180x100x6.3,Rectangular,.256149698,3330,180,100,6.3
RHSR180x100x7.1,Rectangular,.286158047,3720,180,100,7.1
RHSR180x100x8,Rectangular,.320089056,4160,180,100,8
RHSR180x100x10,Rectangular,.3915795345,5090,180,100,10
RHSR200x100x5,Rectangular,.220845758,2870,200,100,5
RHSR200x100x6.3,Rectangular,.2754687985,3580,200,100,6.3
RHSR200x100x8,Rectangular,.3447037475,4480,200,100,8
RHSR200x100x10,Rectangular,.4223724155,5490,200,100,10
RHSR200x100x12.5,Rectangular,.516222056,6710,200,100,12.5
RHSR200x120x6.3,Rectangular,.2946898325,3830,200,120,6.3
RHSR200x120x8,Rectangular,.369318439,4800,200,120,8
RHSR200x120x10,Rectangular,.4531652965,5890,200,120,10
RHSR220x120x6.3,Rectangular,.3139108665,4080,220,120,6.3
RHSR220x120x8,Rectangular,.3939331305,5120,220,120,8
RHSR220x120x10,Rectangular,.4839581775,6290,220,120,10
RHSR250x150x6.3,Rectangular,.3723585005,4840,250,150,6.3
RHSR250x150x8,Rectangular,.467777205,6080,250,150,8
RHSR250x150x10,Rectangular,.576238754,7490,250,150,10
RHSR250x150x12.5,Rectangular,.7085304625,9210,250,150,12.5
RHSR260x140x6.3,Rectangular,.3723585005,4840,260,140,6.3
RHSR260x140x8,Rectangular,.467777205,6080,260,140,8
RHSR300x200x6.3,Rectangular,.4692482025,6100,300,200,6.3
RHSR300x200x8,Rectangular,.5908506625,7680,300,200,8
RHSR300x200x10,Rectangular,.7301050925,9490,300,200,10
RHSR300x200x12.5,Rectangular,.9001524035,11700,300,200,12.5
RHSR400x200x10,Rectangular,.884755963,11500,400,200,10
RHSR400x200x12.5,Rectangular,1.09246081,14200,400,200,12.5
RHSR400x200x16,Rectangular,1.3771478595,17900,400,200,16
RHSR400x250x10,Rectangular,1.0386223015,13500,400,250,10
RHSR400x250x12.5,Rectangular,1.2847692165,16700,400,250,12.5
RHSR400x250x16,Rectangular,1.6232947745,21100,400,250,16
RHSS40x40x2.5,Square,.0283412185,368,40,40,2.5
RHSS40x40x3,Square,.0334406765,434,40,40,3
RHSS40x40x4,Square,.0430511935,559,40,40,4
RHSS50x50x3,Square,.0426589275,554,50,50,3
RHSS50x50x4,Square,.055309506,719,50,50,4
RHSS50x50x5,Square,.0671755525,873,50,50,5
RHSS60x60x3,Square,.0518771785,674,60,60,3
RHSS60x60x4,Square,.067665885,879,60,60,4
RHSS60x60x5,Square,.082571993,1070,60,60,5
RHSS70x70x3,Square,.061193496,794,70,70,3
RHSS70x70x3.6,Square,.07256921,942,70,70,3.6
RHSS70x70x4,Square,.0799241975,1040,70,70,4
RHSS70x70x5,Square,.0979684335,1270,70,70,5
RHSS80x80x3,Square,.070411747,914,80,80,3
RHSS80x80x3.6,Square,.0836507245,1090,80,80,3.6
RHSS80x80x4,Square,.0922805765,1200,80,80,4
RHSS80x80x5,Square,.11375714,1470,80,80,5
RHSS80x80x6.3,Square,.13925443,1810,80,80,6.3
RHSS80x80x7.1,Square,.15494507,2020,80,80,7.1
RHSS90x90x3.6,Square,.094732239,1230,90,90,3.6
RHSS90x90x4,Square,.104931155,1360,90,90,4
RHSS90x90x5,Square,.128467115,1670,90,90,5
RHSS90x90x6.3,Square,.15886773,2070,90,90,6.3
RHSS100x100x4,Square,.116699135,1520,100,100,4
RHSS100x100x5,Square,.144157755,1870,100,100,5
RHSS100x100x6.3,Square,.17848103,2320,100,100,6.3
RHSS100x100x8,Square,.22163029,2880,100,100,8
RHSS100x100x10,Square,.26870221,3490,100,100,10
RHSS120x120x4.5,Square,.157887065,2060,120,120,4.5
RHSS120x120x5,Square,.17455837,2270,120,120,5
RHSS120x120x6.3,Square,.21770763,2820,120,120,6.3
RHSS120x120x8,Square,.27066354,3520,120,120,8
RHSS120x120x10,Square,.330484105,4290,120,120,10
RHSS140x140x5,Square,.20593965,2670,140,140,5
RHSS140x140x6.3,Square,.255953565,3330,140,140,6.3
RHSS140x140x8,Square,.31969679,4160,140,140,8
RHSS140x140x10,Square,.392266,5090,140,140,10
RHSS150x150x5,Square,.22163029,2870,150,150,5
RHSS150x150x6.3,Square,.275566865,3580,150,150,6.3
RHSS150x150x8,Square,.344213415,4480,150,150,8
RHSS150x150x10,Square,.422666615,5490,150,150,10
RHSS160x160x6.3,Square,.295180165,3830,160,160,6.3
RHSS160x160x8,Square,.36873004,4800,160,160,8
RHSS160x160x10,Square,.454047895,5890,160,160,10
RHSS180x180x6.3,Square,.3334261,4330,180,180,6.3
RHSS180x180x8,Square,.418743955,5440,180,180,8
RHSS180x180x10,Square,.514849125,6690,180,180,10
RHSS200x200x6.3,Square,.3726527,4840,200,200,6.3
RHSS200x200x8,Square,.467777205,6080,200,200,8
RHSS200x200x10,Square,.57663102,7490,200,200,10
RHSS200x200x12.5,Square,.709020795,9210,200,200,12.5
RHSS200x200x16,Square,.885540495,11500,200,200,16
RHSS220x220x6.3,Square,.410898635,5340,220,220,6.3
RHSS220x220x10,Square,.638412915,8290,220,220,10
RHSS250x250x6.3,Square,.469738535,6100,250,250,6.3
RHSS250x250x8,Square,.591340995,7680,250,250,8
RHSS250x250x10,Square,.730595425,9490,250,250,10
RHSS250x250x12.5,Square,.901231135,11700,250,250,12.5
RHSS250x250x16,Square,1.12776475,14700,250,250,16
RHSS300x300x10,Square,.88455983,11500,300,300,10
RHSS300x300x12.5,Square,1.0983448,14200,300,300,12.5
RHSS300x300x16,Square,1.38273765,17900,300,300,16
RHSS350x350x10,Square,1.0395049,13500,350,350,10
RHSS350x350x12.5,Square,1.28467115,16700,350,350,12.5
RHSS350x350x16,Square,1.6279039,21100,350,350,16
RHSS400x400x10,Square,1.1964113,15500,400,400,10
RHSS400x400x12.5,Square,1.48080415,19200,400,400,12.5
RHSS400x400x16,Square,1.87307015,24300,400,400,16
